              precision    recall  f1-score   support

           3      0.000     0.000     0.000         6
           4      0.176     0.070     0.100        43
           5      0.633     0.617     0.625       428
           6      0.584     0.718     0.644       567
           7      0.567     0.412     0.477       216
           8      0.500     0.128     0.204        39
           9      0.000     0.000     0.000         1

    accuracy                          0.591      1300
   macro avg      0.351     0.278     0.293      1300
weighted avg      0.578     0.591     0.575      1300
