              precision    recall  f1-score   support

           3      0.000     0.000     0.000         6
           4      1.000     0.023     0.045        43
           5      0.581     0.537     0.558       428
           6      0.514     0.711     0.597       567
           7      0.517     0.282     0.365       216
           8      0.000     0.000     0.000        39
           9      0.000     0.000     0.000         1

    accuracy                          0.535      1300
   macro avg      0.373     0.222     0.224      1300
weighted avg      0.534     0.535     0.506      1300
