              precision    recall  f1-score   support

           3      0.000     0.000     0.000         6
           4      0.714     0.116     0.200        43
           5      0.740     0.724     0.732       428
           6      0.666     0.787     0.721       567
           7      0.663     0.583     0.621       216
           8      1.000     0.359     0.528        39
           9      0.000     0.000     0.000         1

    accuracy                          0.693      1300
   macro avg      0.540     0.367     0.400      1300
weighted avg      0.698     0.693     0.681      1300
